img_height: 480
img_width: 640

camera_matrix:
- [532.80990646, 0.0, 342.49522219]
- [0.0, 532.93344713, 233.88792491]
- [0.0, 0.0, 1.0]

distortion_coefficients: [-0.349104, 0.128036, 0.000383, 0.000000, 0.0]